1号断面
36.77381, -31.6316, 0
39.76516, -44.09157, 0
40.76516, -44.09158, 0

2号断面
37.77381, -31.6316, 0
40.76516, -44.09158, 0
41.76516, -44.09158, 0

3号断面
38.77381, -31.6316, 0
41.76516, -44.09159, 0
42.76516, -44.09159, 0

4号断面
39.77381, -31.6316, 0
42.76516, -44.09160, 0
43.76516, -44.09160, 0

5号断面
40.77381, -31.6316, 0
43.76516, -44.09161, 0
44.76516, -44.09161, 0

6号断面
41.77381, -31.6316, 0
44.76516, -44.09162, 0
45.76516, -44.09162, 0

7号断面
42.77381, -31.6316, 0
45.76516, -44.09163, 0
46.76516, -44.09163, 0

8号断面
43.77381, -31.6316, 0
46.76516, -44.09164, 0
47.76516, -44.09164, 0

9号断面
44.77381, -31.6316, 0
47.76516, -44.09165, 0
48.76516, -44.09165, 0

10号断面
45.77381, -31.6316, 0
48.76516, -44.09166, 0
49.76516, -44.09166, 0

11号断面
46.77381, -31.6316, 0
49.76516, -44.09167, 0
50.76516, -44.09167, 0

12号断面
47.77381, -31.6316, 0
50.76516, -44.09168, 0
51.76516, -44.09168, 0

13号断面
48.77381, -31.6316, 0
51.76516, -44.09169, 0
52.76516, -44.09169, 0

14号断面
49.77381, -31.6316, 0
52.76516, -44.09170, 0
53.76516, -44.09170, 0

15号断面
50.77381, -31.6316, 0
53.76516, -44.09171, 0
54.76516, -44.09171, 0

16号断面
51.77381, -31.6316, 0
54.76516, -44.09172, 0
55.76516, -44.09172, 0

17号断面
52.77381, -31.6316, 0
55.76516, -44.09173, 0
56.76516, -44.09173, 0

18号断面
53.77381, -31.6316, 0
56.76516, -44.09174, 0
57.76516, -44.09174, 0

19号断面
54.77381, -31.6316, 0
57.76516, -44.09175, 0
58.76516, -44.09175, 0

20号断面
55.77381, -31.6316, 0
58.76516, -44.09176, 0
59.76516, -44.09176, 0

21号断面
56.77381, -31.6316, 0
59.76516, -44.09177, 0
60.76516, -44.09177, 0

22号断面
57.77381, -31.6316, 0
60.76516, -44.09178, 0
61.76516, -44.09178, 0

23号断面
58.77381, -31.6316, 0
61.76516, -44.09179, 0
62.76516, -44.09179, 0

24号断面
59.77381, -31.6316, 0
62.76516, -44.09180, 0
63.76516, -44.09180, 0

25号断面
60.77381, -31.6316, 0
63.76516, -44.09181, 0
64.76516, -44.09181, 0

26号断面
61.77381, -31.6316, 0
64.76516, -44.09182, 0
65.76516, -44.09182, 0

27号断面
62.77381, -31.6316, 0
65.76516, -44.09183, 0
66.76516, -44.09183, 0

28号断面
63.77381, -31.6316, 0
66.76516, -44.09184, 0
67.76516, -44.09184, 0

29号断面
64.77381, -31.6316, 0
67.76516, -44.09185, 0
68.76516, -44.09185, 0

30号断面
65.77381, -31.6316, 0
68.76516, -44.09186, 0
69.76516, -44.09186, 0

31号断面
66.77381, -31.6316, 0
69.76516, -44.09187, 0
70.76516, -44.09187, 0

32号断面
67.77381, -31.6316, 0
70.76516, -44.09188, 0
71.76516, -44.09188, 0

33号断面
68.77381, -31.6316, 0
71.76516, -44.09189, 0
72.76516, -44.09189, 0

34号断面
69.77381, -31.6316, 0
72.76516, -44.09190, 0
73.76516, -44.09190, 0

35号断面
70.77381, -31.6316, 0
73.76516, -44.09191, 0
74.76516, -44.09191, 0

36号断面
71.77381, -31.6316, 0
74.76516, -44.09192, 0
75.76516, -44.09192, 0

37号断面
72.77381, -31.6316, 0
75.76516, -44.09193, 0
76.76516, -44.09193, 0

38号断面
73.77381, -31.6316, 0
76.76516, -44.09194, 0
77.76516, -44.09194, 0

39号断面
74.77381, -31.6316, 0
77.76516, -44.09195, 0
78.76516, -44.09195, 0

40号断面
75.77381, -31.6316, 0
78.76516, -44.09196, 0
79.76516, -44.09196, 0

41号断面
76.77381, -31.6316, 0
79.76516, -44.09197, 0
80.76516, -44.09197, 0

42号断面
77.77381, -31.6316, 0
80.76516, -44.09198, 0
81.76516, -44.09198, 0

43号断面
78.77381, -31.6316, 0
81.76516, -44.09199, 0
82.76516, -44.09199, 0

44号断面
79.77381, -31.6316, 0
82.76516, -44.09200, 0
83.76516, -44.09200, 0

45号断面
80.77381, -31.6316, 0
83.76516, -44.09201, 0
84.76516, -44.09201, 0

46号断面
81.77381, -31.6316, 0
84.76516, -44.09202, 0
85.76516, -44.09202, 0

47号断面
82.77381, -31.6316, 0
85.76516, -44.09203, 0
86.76516, -44.09203, 0

48号断面
83.77381, -31.6316, 0
86.76516, -44.09204, 0
87.76516, -44.09204, 0

49号断面
84.77381, -31.6316, 0
87.76516, -44.09205, 0
88.76516, -44.09205, 0

50号断面
85.77381, -31.6316, 0
88.76516, -44.09206, 0
89.76516, -44.09206, 0

51号断面
86.77381, -31.6316, 0
89.76516, -44.09207, 0
90.76516, -44.09207, 0

52号断面
87.77381, -31.6316, 0
90.76516, -44.09208, 0
91.76516, -44.09208, 0

53号断面
88.77381, -31.6316, 0
91.76516, -44.09209, 0
92.76516, -44.09209, 0

54号断面
89.77381, -31.6316, 0
92.76516, -44.09210, 0
93.76516, -44.09210, 0

55号断面
90.77381, -31.6316, 0
93.76516, -44.09211, 0
94.76516, -44.09211, 0

56号断面
91.77381, -31.6316, 0
94.76516, -44.09212, 0
95.76516, -44.09212, 0